Output from feedbackControl for test input:

Full jacobian:
 [[ 0.03  -0.03  -0.03   0.03  -0.985  0.     0.     0.     0.   ]
 [ 0.     0.     0.     0.     0.    -1.    -1.    -1.     0.   ] 
 [-0.005  0.005  0.005 -0.005  0.17   0.     0.     0.     1.   ] 
 [ 0.002  0.002  0.002  0.002  0.    -0.24  -0.214 -0.218  0.   ] 
 [-0.019  0.019 -0.005  0.005  0.221  0.     0.     0.     0.   ] 
 [ 0.012  0.012  0.012  0.012  0.    -0.288 -0.135  0.     0.   ]]

Error twist: [0.    0.171 0.    0.08  0.    0.107]

Vd: [ 0.  0.  0. 20.  0. 10.]

Adj_Vd: [ 0.          0.          0.         21.4187414   0.          6.45564869]

V: [ 0.          0.          0.         21.4187414   0.          6.45564869]

Controls: [ 157.244  157.244  157.244  157.244    0.    -653.192 1399.261 -746.069
   -0.   ]